1 0 1
2 0 1
3 2 1
4 3 1
5 1 1
6 2 1
7 5 1
8 2 1
9 3 1
10 6 1
11 1 1
12 1 1
13 7 1
14 3 1
15 0 1
16 13 1
17 0 1
17 10 1
18 10 1
19 16 1
20 3 1
21 5 1
22 21 1
23 8 1
24 18 1
25 1 1
26 14 1
27 23 1
28 8 1
29 20 1
30 20 1
31 24 1
32 6 1
32 27 1
33 10 1
34 31 1
35 13 1
36 13 1
36 34 1
37 11 1
38 35 1
39 16 1
40 10 1
41 16 1
42 32 1
43 21 1
44 39 1
45 24 1
46 0 1
46 4 1
47 14 1
48 1 1
49 11 1
50 8 1
51 13 1
52 25 1
53 31 1
54 22 1
55 16 1
56 49 1
57 54 1
58 35 1
59 26 1
60 8 1
61 7 1
62 33 1
63 36 1
64 21 1
65 24 1
66 41 1
67 20 1
68 44 1
69 22 1
70 15 1
71 11 1
72 70 1
73 48 1
74 5 1
75 43 1
76 42 1
76 69 1
77 5 1
78 16 1
79 62 1
80 27 1
81 61 1
82 8 1
83 79 1
83 36 1
84 81 1
85 62 1
86 57 1
86 61 1
87 22 1
88 63 1
89 17 1
90 65 1
91 6 1
92 35 1
93 73 1
94 29 1
94 52 1
95 57 1
95 37 1
96 42 1
97 6 1
98 83 1
99 64 1
99 84 1
100 24 1
101 85 1
102 32 1
102 41 1
103 98 1
104 10 1
105 84 1
106 12 1
106 5 1
106 71 1
107 78 1
108 81 1
109 82 1
109 103 1
110 69 1
110 75 1
110 37 1
111 69 1
111 1 1
112 58 1
113 23 1
113 45 1
114 6 1
115 112 1
116 111 1
116 2 1
117 90 1
118 67 1
119 62 1
120 100 1
120 80 1
121 28 1
122 40 1
123 84 1
124 32 1
124 114 1
125 100 1
126 53 1
127 17 1
127 4 1
127 102 1
128 48 1
129 63 1
129 65 1
130 0 1
130 101 1
131 34 1
132 60 1
132 36 1
133 124 1
134 3 1
135 16 1
135 58 1
136 120 1
137 20 1
138 113 1
138 60 1
139 124 1
139 104 1
140 117 1
141 65 1
141 62 1
141 13 1
141 117 1
142 13 1
143 126 1
144 105 1
145 11 1
145 94 1
146 24 1
147 108 1
148 147 1
149 3 1
149 30 1
150 73 1
150 90 1
150 76 1
151 35 1
152 90 1
152 27 1
153 4 1
153 105 1
154 118 1
154 1 1
155 102 1
155 123 1
156 105 1
157 23 1
158 58 1
159 124 1
160 50 1
160 72 1
161 70 1
162 121 1
162 127 1
163 122 1
163 21 1
164 6 1
165 61 1
166 11 1
167 3 1
168 99 1
169 82 1
169 149 1
170 115 1
171 126 1
171 101 1
172 169 1
173 114 1
174 45 1
175 123 1
175 137 1
176 130 1
177 134 1
177 128 1
178 124 1
179 39 1
180 1 1
180 174 1
181 107 1
181 166 1
182 174 1
183 12 1
183 161 1
184 123 1
185 20 1
186 94 1
187 56 1
187 136 1
188 112 1
188 164 1
189 178 1
190 113 1
191 140 1
192 45 1
192 165 1
193 91 1
193 131 1
194 2 1
194 41 1
195 160 1
196 28 1
197 79 1
198 30 1
198 50 1
199 64 1
200 80 1
200 131 1
201 129 1
202 30 1
202 79 1
203 43 1
204 200 1
204 27 1
204 197 1
205 13 1
205 0 1
206 196 1
207 58 1
208 163 1
208 2 1
209 116 1
209 78 1
210 132 1
210 46 1
211 38 1
211 66 1
212 43 1
213 41 1
213 152 1
214 190 1
214 94 1
215 144 1
215 165 1
216 35 1
217 81 1
217 139 1
217 146 1
217 108 1
218 86 1
218 164 1
219 126 1
219 98 1
220 75 1
220 55 1
221 117 1
222 219 1
222 51 1
222 181 1
223 142 1
223 21 1
224 200 1
224 193 1
225 38 1
226 50 1
226 25 1
227 54 1
227 103 1
228 173 1
228 133 1
229 194 1
230 84 1
230 25 1
231 102 1
231 56 1
232 194 1
232 195 1
233 119 1
234 226 1
235 159 1
235 49 1
236 46 1
236 29 1
237 137 1
238 98 1
238 224 1
239 154 1
240 112 1
240 158 1
241 59 1
241 168 1
241 67 1
242 169 1
242 126 1
242 53 1
242 22 1
243 149 1
244 241 1
244 124 1
244 100 1
245 74 1
246 220 1
246 81 1
247 27 1
248 59 1
249 237 1
249 45 1
250 246 1
251 127 1
251 83 1
252 243 1
253 150 1
254 186 1
255 171 1
256 29 1
257 195 1
258 144 1
259 243 1
259 191 1
260 47 1
260 48 1
261 208 1
262 13 1
262 27 1
263 139 1
263 148 1
264 188 1
265 44 1
265 107 1
266 91 1
267 186 1
268 162 1
269 204 1
269 43 1
269 134 1
270 189 1
270 180 1
271 141 1
272 68 1
272 257 1
273 193 1
274 215 1
275 113 1
275 144 1
276 2 1
276 255 1
277 134 1
277 136 1
277 239 1
277 95 1
278 144 1
278 243 1
278 148 1
279 30 1
279 260 1
280 172 1
280 235 1
280 58 1
281 209 1
281 47 1
282 137 1
283 277 1
283 64 1
284 22 1
285 244 1
286 37 1
286 23 1
286 58 1
287 216 1
287 214 1
287 257 1
288 272 1
289 124 1
290 261 1
290 241 1
291 106 1
292 50 1
292 98 1
293 279 1
294 176 1
294 51 1
295 78 1
295 207 1
295 168 1
296 31 1
297 228 1
297 127 1
297 16 1
298 0 1
298 231 1
298 289 1
299 131 1
299 141 1
299 158 1
300 37 1
300 119 1
301 52 1
301 155 1
302 18 1
303 29 1
303 232 1
303 180 1
303 50 1
304 29 1
304 167 1
305 42 1
306 81 1
307 41 1
307 63 1
308 253 1
308 72 1
309 42 1
309 282 1
309 304 1
310 109 1
310 297 1
311 65 1
312 83 1
312 42 1
312 311 1
313 10 1
314 166 1
315 303 1
315 314 1
315 298 1
316 269 1
316 11 1
317 277 1
318 62 1
319 216 1
320 71 1
321 273 1
321 219 1
322 105 1
322 120 1
323 201 1
324 180 1
324 188 1
324 280 1
325 314 1
325 44 1
326 273 1
326 196 1
326 38 1
327 105 1
327 324 1
328 327 1
329 160 1
329 105 1
330 227 1
331 196 1
331 273 1
331 55 1
331 304 1
331 45 1
332 168 1
332 72 1
333 113 1
333 237 1
333 60 1
333 28 1
334 135 1
334 162 1
335 153 1
336 179 1
336 92 1
336 284 1
337 243 1
337 288 1
337 205 1
337 73 1
338 88 1
338 135 1
339 283 1
339 243 1
340 225 1
340 260 1
340 284 1
341 177 1
341 184 1
341 197 1
341 96 1
342 268 1
342 313 1
342 231 1
342 85 1
343 83 1
344 232 1
344 5 1
345 268 1
345 117 1
346 113 1
347 277 1
347 320 1
347 44 1
347 105 1
347 169 1
348 32 1
348 132 1
349 188 1
349 156 1
350 147 1
350 253 1
350 291 1
351 320 1
351 43 1
352 26 1
352 322 1
352 256 1
353 226 1
354 320 1
354 165 1
355 109 1
355 57 1
356 254 1
356 233 1
357 65 1
358 308 1
358 25 1
358 87 1
359 229 1
360 200 1
360 108 1
361 278 1
361 306 1
362 207 1
362 131 1
363 294 1
363 17 1
364 157 1
364 26 1
364 334 1
365 262 1
365 67 1
366 357 1
366 183 1
367 111 1
367 58 1
368 367 1
368 173 1
369 252 1
369 351 1
370 321 1
371 226 1
371 302 1
372 163 1
372 20 1
372 36 1
373 286 1
373 46 1
374 146 1
375 208 1
375 328 1
375 9 1
376 348 1
377 283 1
377 183 1
377 118 1
378 377 1
378 202 1
379 154 1
379 201 1
380 285 1
380 68 1
380 201 1
380 22 1
381 23 1
381 250 1
381 144 1
382 173 1
383 369 1
383 14 1
384 23 1
384 311 1
385 335 1
385 295 1
385 197 1
386 377 1
386 121 1
387 258 1
387 272 1
387 11 1
388 301 1
388 40 1
389 130 1
390 236 1
390 364 1
391 23 1
391 376 1
391 268 1
391 45 1
392 222 1
392 34 1
392 152 1
392 343 1
393 3 1
393 204 1
393 12 1
394 134 1
394 354 1
395 160 1
395 44 1
395 221 1
396 196 1
396 88 1
396 356 1
396 258 1
396 107 1
397 391 1
397 393 1
397 203 1
398 268 1
398 285 1
398 252 1
399 343 1
399 335 1
399 271 1
400 185 1
400 248 1
400 96 1
400 357 1
400 138 1
401 115 1
402 54 1
403 313 1
404 84 1
405 89 1
405 16 1
406 397 1
406 162 1
407 277 1
407 279 1
408 15 1
408 33 1
409 388 1
409 159 1
410 169 1
411 402 1
411 373 1
412 372 1
412 403 1
413 173 1
413 319 1
413 38 1
413 243 1
413 302 1
414 141 1
414 322 1
414 276 1
415 95 1
415 140 1
416 16 1
416 271 1
417 290 1
418 84 1
418 363 1
419 99 1
420 228 1
421 386 1
421 391 1
422 349 1
422 292 1
423 139 1
423 389 1
423 242 1
423 353 1
424 138 1
424 6 1
424 414 1
424 173 1
425 405 1
425 35 1
426 324 1
426 91 1
426 274 1
427 123 1
427 70 1
427 71 1
428 73 1
428 97 1
428 175 1
429 134 1
429 34 1
430 271 1
430 65 1
430 185 1
430 296 1
431 351 1
432 387 1
432 318 1
432 167 1
433 399 1
433 181 1
433 350 1
434 153 1
434 154 1
435 331 1
435 243 1
436 259 1
436 341 1
437 352 1
438 277 1
438 251 1
438 198 1
439 356 1
439 125 1
440 26 1
440 56 1
440 398 1
441 39 1
441 419 1
441 65 1
442 52 1
442 126 1
443 328 1
443 131 1
443 317 1
444 183 1
444 182 1
445 114 1
445 328 1
446 189 1
446 281 1
447 359 1
447 225 1
447 304 1
447 429 1
448 17 1
448 211 1
448 374 1
448 15 1
449 170 1
449 370 1
449 180 1
450 323 1
450 378 1
450 231 1
451 272 1
452 408 1
453 155 1
453 442 1
454 276 1
454 372 1
455 327 1
456 96 1
457 44 1
457 451 1
457 29 1
458 123 1
459 29 1
459 245 1
459 283 1
460 331 1
460 459 1
461 426 1
461 408 1
461 47 1
462 283 1
462 154 1
462 267 1
462 164 1
463 355 1
463 130 1
464 365 1
465 440 1
465 441 1
465 202 1
466 311 1
466 267 1
466 35 1
467 450 1
467 31 1
467 314 1
467 439 1
468 175 1
468 77 1
468 361 1
468 382 1
469 221 1
469 146 1
470 245 1
471 463 1
472 387 1
472 60 1
472 359 1
473 279 1
473 227 1
473 431 1
474 442 1
474 471 1
474 414 1
475 400 1
475 75 1
476 330 1
476 232 1
476 171 1
477 15 1
477 356 1
478 370 1
478 244 1
479 303 1
479 81 1
479 186 1
479 292 1
479 410 1
480 320 1
480 245 1
481 34 1
481 61 1
482 131 1
482 41 1
483 438 1
483 16 1
483 481 1
483 4 1
484 367 1
484 170 1
485 58 1
486 456 1
486 0 1
486 112 1
486 88 1
487 270 1
487 151 1
487 389 1
488 259 1
488 318 1
489 412 1
489 93 1
489 323 1
489 476 1
490 398 1
490 343 1
491 12 1
491 43 1
491 88 1
492 197 1
492 115 1
492 250 1
493 164 1
493 3 1
493 452 1
494 376 1
494 153 1
495 163 1
495 340 1
495 0 1
496 198 1
496 428 1
497 479 1
497 420 1
497 323 1
497 143 1
498 399 1
498 475 1
499 31 1
499 172 1
499 199 1
499 105 1
500 425 1
500 201 1
500 417 1
500 455 1
501 73 1
501 84 1
501 312 1
502 194 1
503 264 1
504 461 1
504 401 1
504 305 1
505 477 1
505 212 1
505 28 1
505 253 1
506 219 1
506 393 1
506 503 1
507 205 1
507 108 1
507 488 1
508 386 1
509 372 1
509 221 1
510 326 1
510 211 1
511 468 1
512 413 1
512 122 1
512 470 1
512 309 1
513 108 1
513 179 1
514 10 1
514 337 1
514 247 1
515 504 1
515 382 1
516 230 1
516 59 1
516 13 1
517 484 1
518 52 1
518 85 1
519 113 1
519 508 1
519 159 1
519 99 1
519 269 1
520 364 1
520 68 1
521 254 1
521 174 1
522 342 1
522 94 1
522 301 1
523 187 1
523 48 1
524 239 1
524 220 1
525 188 1
525 8 1
525 82 1
526 38 1
526 343 1
526 404 1
527 353 1
527 191 1
528 171 1
528 412 1
529 423 1
530 336 1
530 346 1
530 201 1
531 295 1
531 243 1
532 361 1
532 375 1
532 464 1
533 332 1
533 461 1
534 272 1
534 212 1
535 34 1
535 478 1
536 85 1
536 275 1
537 360 1
538 128 1
538 161 1
538 485 1
539 57 1
539 391 1
540 206 1
540 18 1
540 15 1
540 349 1
541 520 1
541 295 1
542 157 1
542 367 1
542 416 1
543 493 1
543 459 1
544 191 1
544 385 1
545 304 1
545 402 1
545 437 1
546 257 1
546 383 1
547 168 1
547 145 1
548 211 1
548 457 1
548 513 1
548 278 1
549 73 1
549 24 1
549 347 1
550 369 1
550 502 1
550 117 1
551 456 1
551 549 1
552 540 1
552 206 1
552 145 1
553 93 1
553 504 1
553 264 1
553 280 1
554 274 1
554 459 1
554 190 1
554 109 1
555 47 1
555 199 1
555 388 1
556 112 1
556 142 1
556 480 1
557 113 1
557 352 1
558 75 1
558 429 1
559 209 1
559 375 1
559 240 1
560 449 1
560 126 1
560 380 1
561 514 1
561 157 1
561 496 1
562 420 1
562 165 1
562 452 1
562 254 1
563 37 1
563 317 1
563 330 1
564 184 1
564 410 1
565 437 1
565 482 1
565 14 1
565 120 1
566 382 1
567 230 1
567 232 1
567 374 1
568 182 1
569 15 1
569 456 1
569 537 1
569 359 1
570 237 1
570 306 1
571 71 1
571 491 1
571 74 1
572 175 1
572 124 1
573 357 1
573 511 1
573 369 1
574 282 1
574 128 1
574 377 1
575 553 1
575 354 1
576 224 1
576 98 1
576 438 1
577 233 1
577 444 1
578 224 1
578 572 1
578 57 1
579 456 1
579 516 1
580 28 1
580 106 1
580 439 1
580 52 1
581 517 1
582 163 1
582 274 1
582 352 1
583 50 1
583 69 1
583 261 1
584 203 1
584 388 1
585 184 1
585 39 1
585 574 1
586 1 1
586 229 1
586 136 1
586 223 1
587 133 1
587 76 1
588 106 1
588 566 1
588 296 1
588 415 1
589 89 1
589 374 1
589 10 1
589 517 1
589 568 1
590 152 1
590 444 1
591 24 1
591 289 1
591 581 1
592 146 1
592 139 1
592 300 1
593 434 1
593 527 1
593 237 1
593 307 1
594 414 1
594 231 1
595 376 1
595 495 1
596 397 1
596 95 1
597 218 1
597 539 1
598 554 1
598 24 1
598 228 1
598 69 1
599 17 1
599 302 1
599 54 1
600 563 1
600 479 1
600 484 1
600 234 1
600 7 1
601 147 1
601 40 1
601 275 1
601 69 1
602 491 1
602 200 1
602 400 1
602 75 1
602 89 1
603 170 1
603 256 1
604 247 1
604 445 1
605 142 1
605 370 1
606 302 1
606 49 1
607 377 1
607 72 1
607 357 1
607 188 1
607 545 1
607 78 1
608 172 1
608 93 1
608 444 1
609 564 1
609 520 1
609 25 1
610 383 1
610 370 1
610 529 1
611 251 1
611 89 1
611 244 1
612 585 1
612 318 1
613 573 1
613 165 1
614 26 1
614 408 1
615 156 1
615 77 1
615 386 1
616 37 1
616 8 1
616 216 1
616 583 1
617 182 1
617 464 1
617 603 1
618 222 1
618 566 1
618 418 1
618 293 1
619 127 1
619 573 1
619 203 1
620 239 1
620 303 1
620 403 1
620 47 1
620 458 1
620 189 1
621 117 1
621 116 1
621 495 1
622 153 1
622 538 1
623 383 1
623 244 1
624 110 1
624 211 1
624 19 1
625 616 1
625 568 1
626 398 1
626 109 1
627 344 1
627 266 1
627 326 1
628 383 1
628 460 1
628 164 1
629 178 1
629 492 1
629 361 1
629 176 1
630 503 1
630 254 1
630 296 1
631 404 1
631 166 1
631 97 1
632 627 1
632 546 1
633 399 1
633 615 1
634 2 1
634 170 1
635 502 1
635 178 1
635 530 1
635 147 1
636 96 1
636 604 1
637 358 1
637 292 1
637 243 1
638 285 1
638 566 1
639 494 1
639 366 1
639 378 1
